GL partial land_fraction samples (n=7244)

      lon      lat  land_frac  total    pft   lake  urban glacier PCT_LAKE  PCT_VEG
  -83.484   43.562       3.63     42      0     42      0       0    100.0      0.0
  -81.800   45.813      51.64    597      0    597      0       0    100.0      0.0
  -86.358   46.318      57.09    660      0    660      0       0    100.0      0.0
  -88.431   48.263      61.51    711      0    711      0       0    100.0      0.0
  -87.032   48.391      65.05    752      0    752      0       0    100.0      0.0
  -85.464   44.616      68.34    790      0    790      0       0    100.0      0.0
  -86.504   43.825      71.19    823      0    823      0       0    100.0      0.0
  -87.620   48.574      74.22    858      0    858      0       0    100.0      0.0
  -87.180   48.492      76.82    888      0    888      0       0    100.0      0.0
  -80.200   41.860      79.24    916      0    916      0       0    100.0      0.0
  -88.785   47.708      81.57    943      0    943      0       0    100.0      0.0
  -77.676   43.757      83.74    968      0    968      0       0    100.0      0.0
  -77.490   43.007      85.73    991      0    991      0       0    100.0      0.0
  -82.434   41.853      87.54   1012      0   1012      0       0    100.0      0.0
  -81.875   45.795      88.93   1028      0   1028      0       0    100.0      0.0
  -84.895   45.625      90.31   1044      0   1044      0       0    100.0      0.0
  -87.543   41.446      91.52   1058      0   1058      0       0    100.0      0.0
  -81.288   45.684      92.47   1069      0   1069      0       0    100.0      0.0
  -84.540   46.642      93.25   1078      0   1078      0       0    100.0      0.0
  -76.151   44.072      93.77   1084      0   1084      0       0    100.0      0.0
